3.024510000000000218e+03
1.001500000000000000e+03
2.326200000000000045e+02
1.178479999999999990e+02
8.511314815049436788e+01
5.809512387248213372e+01
3.766552571841461372e+01
2.324712795672157029e+01
1.263017495993831574e+01
6.636112527094487845e+00
3.980386606153762052e+00
2.719932460776040450e+00
1.981260724196413081e+00
1.463122908205820139e+00
1.052598634532266209e+00
1.225710155861546298e+02
8.726864881789492756e+01
5.887213570576197696e+01
3.809922700060960210e+01
2.225717695137370455e+01
1.198386874618495312e+01
6.778310759130445895e+00
4.267186695193140977e+00
2.907680683782947639e+00
2.053661347546922755e+00
1.436962318145319051e+00
1.654414491516515966e+02
1.225927771355852087e+02
8.578267401785555535e+01
5.749889417338711439e+01
3.528604293833051742e+01
1.941621941680371677e+01
1.063632264593850607e+01
6.296998242279659763e+00
4.025652647256325878e+00
2.699607232895247844e+00
1.827705360100245313e+00
2.207409354779049409e+02
1.718660663153658277e+02
1.258165908698149877e+02
8.770919436466256514e+01
5.659412021920897473e+01
3.223412945686473563e+01
1.716091913424746451e+01
9.516217640866658556e+00
5.743155473011505308e+00
3.691822329673771552e+00
2.405602698679692786e+00
