2.622719999999999800e+03
8.908310000000000173e+02
2.169840000000000089e+02
1.168689999999999998e+02
9.060608383891532469e+01
6.231463900716565263e+01
4.074889720816838690e+01
2.537678646652357273e+01
1.424421810039540937e+01
7.486932087154869464e+00
4.341017342918256361e+00
2.843868705759814208e+00
2.015416242764480614e+00
1.473823388599365014e+00
1.058479019714412050e+00
1.294071425453714710e+02
9.320518439156801094e+01
6.340047521232787631e+01
4.128665017774612522e+01
2.465156973692276310e+01
1.331808384620746999e+01
7.323418972699607288e+00
4.432198133383408845e+00
2.923473071601449202e+00
2.023556172003796672e+00
1.407114577300780045e+00
1.716388635341274949e+02
1.287410253076400579e+02
9.101172115122338369e+01
6.128531151447236880e+01
3.816403980114652228e+01
2.126252476571661276e+01
1.139819329641838230e+01
6.457705363256657449e+00
3.974484405710910995e+00
2.613863502027794272e+00
1.760455566391402993e+00
2.243885328649472513e+02
1.771143788793193607e+02
1.307648350156478045e+02
9.160398099995900623e+01
5.996183828093720081e+01
3.478332322255459985e+01
1.847014558260658745e+01
9.967069700314093339e+00
5.806608841950857247e+00
3.632942368467638516e+00
2.344130353537538625e+00
