2.403429999999999836e+03
8.027920000000000300e+02
2.037899999999999920e+02
1.180889999999999986e+02
9.646389575841141095e+01
6.690803045577267483e+01
4.381645969560119624e+01
2.779286579226606690e+01
1.571818456260318086e+01
7.975352554393253968e+00
4.536080703749291843e+00
2.884970267777426045e+00
2.015238642367410460e+00
1.450317839709263534e+00
1.048257280476579956e+00
1.377229990271415261e+02
9.995459933188648449e+01
6.821598542741025994e+01
4.486358513463346043e+01
2.730374830657343921e+01
1.438388437737099501e+01
7.645028890407738587e+00
4.453614547693091730e+00
2.872775739743831380e+00
1.956407751904247760e+00
1.353137974636025920e+00
1.801173445439009981e+02
1.352354736622933160e+02
9.598424126816345847e+01
6.491317424129684355e+01
4.155295442122746863e+01
2.280365892297096408e+01
1.176663273673717036e+01
6.445282766565066268e+00
3.896520068335620035e+00
2.523920638430817931e+00
1.693412835260283522e+00
2.320359608539071417e+02
1.847932268833777982e+02
1.360009298833106186e+02
9.543823616882919225e+01
6.441475044181999010e+01
3.766298115258226176e+01
1.960107938322174448e+01
1.016429695770545649e+01
5.719179246142102713e+00
3.538827854344893442e+00
2.243192446386567784e+00
