9.860650000000000546e+02
3.697629999999999768e+02
1.002680000000000007e+02
6.135819999999999652e+01
1.149800343442137205e+02
8.624767750872398153e+01
6.094648070202365631e+01
4.096049615997650051e+01
2.526745857083691504e+01
1.369297948066958881e+01
7.369793272759740610e+00
4.263201114697519500e+00
2.741849692597619459e+00
1.878465039317850138e+00
1.302822749710502714e+00
1.508585990787977380e+02
1.175304695791655547e+02
8.623855840906493597e+01
5.970538897110711929e+01
3.841172423214111831e+01
2.151393941741926952e+01
1.130535152279954758e+01
6.217944408573846005e+00
3.725407736129181302e+00
2.407532581736984589e+00
1.619998469906062999e+00
1.862241297214858946e+02
1.507623760630017671e+02
1.135135749815074746e+02
8.077202645948734983e+01
5.378180153719237921e+01
3.133334100625262408e+01
1.656699719142089577e+01
8.745779166182074960e+00
5.008328650567922757e+00
3.114421375010543169e+00
2.006223950238830600e+00
2.274440403282632701e+02
1.930067265841859125e+02
1.518191208502019833e+02
1.121228170431787134e+02
7.796663380014770439e+01
4.777362535701758617e+01
2.568249748299050594e+01
1.315311446474417068e+01
7.071802381093316825e+00
4.199309633178818224e+00
2.618360779013203299e+00
