# richness
171.913
86.7593
106.514
78.5216
78.6741
63.9836
54.556
65.7074
64.3497
73.4264
10.8505
69.155
52.878
60.6122
61.3902
63.0073
57.1341
57.668
47.2946
52.1457
47.5845
53.5339
50.7575
53.9458
48.8506
7.92155
51.2762
53.0458
43.5877
43.8318
48.4693
40.1858
10.4081
46.9285
45.998
44.8233
48.515
40.6435
38.5383
34.2059
34.3584
39.6977
41.9249
45.8454
44.1979
48.6981
35.0601
42.3673
38.9502
35.6246
40.7045
35.4263
40.0485
40.7655
38.3705
33.1533
38.6451
19.5458
38.0349
38.2484
33.1075
33.3058
35.8992
26.3038
35.1517
38.584
38.0654
36.5399
27.2496
35.3958
38.1416
36.4636
34.8008
33.077
29.965
33.6109
30.5752
40.4909
31.9024
26.8225
33.7787
32.7566
29.6141
30.5904
13.2608
40.1553
36.0822
34.2669
28.3632
33.2753
33.0617
36.3568
30.926
29.5684
32.6193
41.5588
30.6209
26.1055
25.48
32.955
26.8682
30.2243
26.8835
28.3022
36.1585
25.8309
31.7651
30.5294
13.3371
35.3347
26.075
27.631
32.4668
5.77059
30.2548
30.0718
22.0629
32.8329
27.7225
24.1071
24.9766
29.4005
28.531
30.0413
31.7956
28.9276
24.1376
25.0376
38.6603
31.2617
18.3102
31.2617
27.8598
24.9308
23.1155
28.0581
30.1938
22.0171
25.5563
33.9313
32.299
21.5137
29.3243
28.6836
26.4563
24.2444
24.5647
25.0376
28.2259
8.08935
27.2191
24.4427
26.0139
23.1308
24.7478
24.6868
24.6563
26.2275
30.6515
22.3985
28.0886
22.6579
24.6715
26.5326
27.097
27.4327
23.085
22.9172
25.1597
29.4158
27.1733
26.5784
20.0492
15.6711
26.2733
27.9513
6.5486
25.3732
26.4106
24.1681
21.6815
20.8578
20.5222
24.4732
28.0886
20.2476
22.1697
20.1103
24.8698
9.6301
23.0087
23.4359
27.0818
29.6751
16.2813
23.5884
23.8935
17.6085
26.1665
12.1014
22.7341
24.1528
26.5021
19.3628
9.96571
21.8493
26.7614
25.6021
11.8268
20.934
24.7783
20.0798
24.8546
24.8088
18.0814
22.0019
21.6053
22.5511
21.3764
24.3206
25.3885
22.4443
23.4816
21.4375
14.8778
22.0171
11.7048
28.9429
24.6715
20.7967
20.3391
20.3849
17.3644
26.258
19.0577
18.0661
20.5832
5.34345
24.8546
21.3154
17.6847
24.2596
19.0729
22.3222
21.2391
19.6374
21.0561
21.2544
22.3985
20.1103
23.2223
13.3676
15.6253
20.3391
25.5563
24.2139
5.29769
23.146
25.2512
25.4495
17.639
22.7189
19.6069
18.7373
20.9645
18.5848
23.1002
11.5217
20.3238
25.9682
19.1034
26.5174
22.9019
17.8068
14.71
18.5695
18.9661
20.7662
24.3969
19.3933
19.8052
23.5274
24.9003
20.4916
14.8473
14.3591
18.2187
21.6815
17.3949
24.0308
19.3628
23.7104
22.7494
21.1781
21.9409
23.0087
21.7883
17.5169
28.8971
17.8678
19.8357
18.8594
23.1002
17.9441
20.3238
16.922
18.9051
21.5595
18.8136
19.5763
13.8862
15.0456
15.8999
22.8562
18.9661
15.5795
15.8084
17.1813
16.2813
17.5474
21.8951
16.8305
17.3186
22.307
22.246
16.144
14.7253
14.832
16.7847
11.9946
21.1781
17.9593
6.44181
23.7867
19.7136
22.307
6.27401
15.3965
21.2239
16.7389
15.2744
17.8525
21.0256
18.2949
22.8562
17.1661
13.4591
18.8594
18.478
12.254
15.2287
16.3728
18.8289
14.9541
17.9288
15.2592
16.6779
15.5338
20.934
16.4796
16.0524
13.093
21.3307
17.5932
17.639
16.2813
21.6663
17.5474
19.378
19.5763
17.9593
17.0593
17.0593
19.8509
15.5185
23.146
13.7947
15.4422
15.2744
15.6253
15.5185
14.0846
18.2797
9.0199
15.1066
10.1488
15.9304
14.6642
14.7405
17.5932
14.8015
12.0709
14.9846
9.55383
15.7168
18.2034
24.5647
15.1524
15.1371
17.0745
13.2608
20.7357
15.3812
12.9709
14.3897
14.4507
17.7
9.17245
14.2371
19.6831
15.366
12.6201
16.5254
11.6438
13.6879
11.0946
14.6337
17.5474
20.3086
12.9099
17.5779
18.0203
14.4507
12.0251
15.7473
14.4049
18.4627
16.3575
14.6795
20.0187
16.983
24.2139
16.5559
13.6117
13.3981
14.5422
14.0388
16.6779
16.4186
18.0966
10.6217
11.6895
13.9625
14.9999
14.7405
12.6811
10.6217
12.1624
20.4459
15.9762
18.0814
14.71
13.0015
14.588
15.3965
20.0798
15.0304
17.9288
12.7421
13.8557
16.4491
7.40288
12.0709
15.6558
11.8573
12.1624
12.7269
13.6117
15.1524
15.6863
11.537
15.1982
20.2476
12.9099
15.9762
10.3776
16.4338
16.7389
15.4117
14.4812
15.7473
14.649
23.0545
12.0099
18.5848
8.08935
14.8168
14.8168
19.3628
10.6064
15.1677
16.0067
22.0171
16.7542
15.3812
18.4322
18.2644
14.6185
12.8336
18.9509
15.3507
13.2455
12.0709
14.2524
11.5675
15.2897
19.5458
13.6574
13.1998
13.5964
17.5627
9.09618
14.054
11.3081
14.9999
16.3575
17.1355
13.1845
13.093
12.7421
11.9183
14.1456
15.3507
17.044
14.3897
17.4101
17.2271
11.9336
12.0709
13.032
14.8168
16.7542
12.5133
14.3286
14.2371
14.1761
11.7963
13.9015
19.6679
8.79108
11.2166
16.3575
16.6016
16.5101
7.35711
13.8405
14.0693
18.417
11.6895
14.3439
12.7116
14.3744
17.9288
14.2066
8.8521
14.9236
13.1998
14.3591
18.2644
20.3849
14.1761
13.3523
16.2508
11.7505
17.2728
12.8642
13.81
13.3828
5.6333
11.4607
10.5149
17.044
13.5811
16.8915
10.8963
13.0777
11.476
11.0641
10.6064
11.1403
13.1998
14.4049
13.4438
12.4523
12.7269
11.7963
15.7931
15.2592
14.1761
17.4254
16.7084
11.2776
10.4539
15.9914
12.3913
11.5675
13.0625
10.881
13.1998
10.9115
12.7421
9.17245
7.87578
12.6353
11.8268
11.7505
14.5117
12.3455
11.3387
11.3692
15.3202
12.8794
11.3692
13.6422
15.2897
12.3607
11.9489
8.83684
11.7505
11.0641
12.6658
8.89786
10.759
14.8931
13.0625
7.95205
16.9525
15.4728
11.4607
14.6185
10.759
9.73689
14.054
10.82
11.5827
13.3828
10.7132
17.5474
13.2303
12.254
11.2014
14.9083
9.98097
15.1982
12.6964
10.881
16.2965
16.4643
10.3623
10.4996
13.2608
10.0115
11.476
11.3997
15.0151
10.1335
11.1098
13.3981
19.1034
15.0151
11.9489
13.6422
15.366
9.61485
11.5675
15.8999
14.6032
10.103
12.437
11.2624
9.23347
15.1982
10.7437
15.8389
14.588
12.7726
10.1488
10.5149
11.598
8.69955
10.103
8.91312
12.2234
12.3302
7.90629
8.21139
12.4065
5.75534
14.1608
11.0336
13.0015
12.2082
12.3607
12.9252
16.5559
12.8947
12.8794
12.0099
12.3302
12.3913
10.8963
8.57751
9.24873
10.6522
16.7999
11.9031
12.1014
11.6895
6.27401
13.81
15.1829
12.8642
8.4097
11.2624
17.044
11.4607
17.3491
13.7337
14.7405
8.47072
10.5149
12.4828
9.03516
12.2082
13.276
7.38762
11.0183
12.9404
8.74531
10.6827
9.08092
10.5149
10.942
5.0231
11.1098
10.5759
8.45547
11.4149
8.63853
12.8947
10.6064
12.9404
8.11986
12.0404
15.0456
9.66061
14.1151
5.87738
8.92837
11.2166
13.6727
9.03516
12.2082
11.1556
9.47755
11.8421
14.3591
9.56908
9.59959
10.3471
10.6369
14.0693
11.7658
12.6506
9.05041
11.3234
13.1082
10.1793
15.2134
9.34026
10.6369
10.8352
11.0946
8.82159
12.437
14.5269
8.97414
16.1745
9.96571
9.41653
11.9641
8.36394
12.0556
13.5659
9.84367
11.72
13.9473
9.70638
13.032
15.7626
15.0609
9.35551
9.78265
9.41653
8.547
13.0015
14.2829
7.06727
8.83684
10.6369
10.9878
15.7779
10.82
12.0556
10.759
7.61645
11.8421
13.8405
10.3318
11.4149
11.2929
7.41813
9.50806
9.24873
11.9336
6.35028
14.3286
9.56908
7.21982
8.57751
9.67587
9.79791
14.7253
14.0388
12.2845
7.61645
8.57751
10.6217
17.3796
9.96571
14.9541
14.8778
8.28766
10.0878
13.5506
12.3302
12.2845
10.1488
16.7694
8.51649
8.73006
9.27924
10.6064
9.9352
8.11986
8.97414
9.81316
14.2829
11.2776
10.6369
11.9031
9.95046
7.1588
10.5607
7.98256
10.6522
10.042
10.82
10.6217
9.9352
11.0793
9.75214
9.85893
9.35551
10.0267
15.5185
8.50123
11.3997
8.92837
5.52651
7.96731
8.39445
12.8184
8.51649
12.315
13.1998
9.21822
8.76057
12.2387
8.07409
10.6827
7.73849
13.1387
9.14194
5.496
8.86735
10.4386
15.1829
5.81636
5.05361
13.6727
10.0725
10.8505
12.2082
10.3776
15.1066
10.164
6.07569
9.61485
8.60802
11.1403
11.659
8.45547
12.376
7.98256
9.26398
8.57751
9.30975
9.325
6.02993
11.1098
8.11986
9.35551
9.79791
11.9794
13.276
15.2744
8.45547
9.34026
7.95205
9.58434
11.1098
9.84367
8.79108
8.19613
7.14354
10.2861
10.9573
9.12669
10.6827
9.59959
11.5522
11.0793
10.1488
14.2524
11.5827
8.53174
8.73006
10.2708
10.1183
10.3776
9.66061
10.3929
9.81316
9.05041
11.0946
9.1572
8.82159
9.82842
8.21139
10.1488
7.21982
6.21299
9.55383
7.34186
8.47072
9.75214
6.51809
10.82
9.90469
9.52332
11.0183
9.00465
8.547
10.2708
11.7353
9.1572
13.3371
12.6658
9.82842
5.61804
10.4996
12.1319
12.6506
10.4234
9.08092
7.06727
7.96731
8.76057
9.75214
11.3234
6.96048
11.6285
13.7795
9.09618
8.50123
9.0199
15.1677
6.91472
12.6201
7.64696
9.06567
10.2861
9.41653
11.9489
8.56225
11.8421
11.2929
9.52332
8.79108
7.37237
8.39445
9.05041
10.0878
8.94363
9.78265
9.9352
10.1793
9.35551
17.3949
9.95046
7.61645
7.75374
8.73006
11.5827
8.77582
11.2166
12.0404
8.51649
18.9814
8.7148
6.50283
7.83002
6.60962
7.92155
8.86735
8.77582
8.56225
10.9725
8.59276
8.86735
7.79951
9.90469
12.5438
9.70638
6.4113
11.476
6.57911
10.2098
8.21139
9.08092
12.7421
7.6317
8.82159
7.41813
9.96571
7.3266
9.9352
10.7437
6.2435
11.4607
5.28243
9.55383
8.44021
8.07409
8.04358
9.66061
8.45547
6.91472
11.1251
10.9573
7.31135
7.84527
12.4675
10.2708
6.33503
10.4996
6.77742
6.68589
10.5607
8.88261
9.87418
8.65378
8.547
10.6827
11.1251
10.0725
7.60119
9.75214
7.00625
7.12829
8.18088
8.36394
8.76057
7.60119
11.5217
10.2861
8.19613
11.6285
10.3318
8.89786
18.9509
6.79268
7.00625
9.59959
11.1098
10.1335
12.1624
8.56225
13.4744
10.042
6.57911
11.0183
11.0336
11.1251
5.74008
6.64013
6.97574
12.0862
6.91472
8.62327
7.87578
6.25875
7.61645
15.4728
6.82319
6.47232
10.164
10.0572
9.55383
5.99942
10.5149
9.06567
8.42496
7.21982
11.7963
15.7016
8.89786
6.33503
8.37919
6.89946
7.49441
8.8521
6.65538
10.0115
10.9115
9.52332
8.57751
8.56225
8.18088
7.29609
10.881
12.9404
6.21299
10.1488
12.1777
10.3166
6.64013
10.0267
9.75214
7.14354
9.40128
8.60802
9.49281
6.50283
8.36394
8.8521
8.8521
8.28766
7.06727
7.75374
7.23507
10.4386
7.54017
10.5454
10.4234
7.40288
11.3997
7.08252
6.5486
13.276
9.69112
6.94523
10.7895
7.66221
6.79268
11.8573
10.2861
6.51809
8.69955
10.5301
9.00465
7.29609
7.20456
10.6064
12.2997
5.8011
8.44021
6.86895
7.89104
6.2435
9.27924
7.0215
7.79951
6.50283
8.8521
11.2471
8.07409
8.95888
8.92837
7.95205
7.60119
12.3913
6.88421
5.46549
9.88944
7.55543
6.25875
7.9368
8.04358
6.12146
10.881
9.325
10.3318
9.40128
7.64696
12.2997
9.06567
10.4234
6.22824
7.6317
9.56908
8.74531
9.85893
7.99782
7.47915
11.2014
8.34868
6.80793
5.86212
8.16562
9.38602
8.95888
8.89786
5.37396
6.74691
9.64536
6.99099
8.79108
8.92837
9.09618
16.2203
9.14194
5.66381
9.69112
5.23667
11.8726
8.68429
7.34186
5.25192
8.63853
9.05041
9.26398
7.95205
10.82
9.87418
6.12146
11.7963
8.22664
9.59959
8.77582
10.2098
9.9352
6.96048
7.54017
8.34868
5.61804
8.44021
12.8642
11.659
10.5759
7.90629
6.79268
13.7032
6.8537
9.09618
10.4844
11.6895
7.17405
7.43339
8.4097
7.23507
11.0336
7.67747
11.1709
6.64013
6.47232
9.29449
9.44704
7.17405
11.7658
9.18771
7.6317
9.6301
9.30975
8.86735
6.01467
7.52492
6.44181
8.65378
8.73006
9.325
9.24873
7.78425
6.76217
7.50966
6.48758
6.06044
9.05041
8.95888
7.78425
8.04358
6.68589
7.73849
12.0862
10.6064
7.37237
6.65538
10.8658
6.07569
8.45547
9.4623
6.64013
8.45547
7.18931
7.00625
8.42496
6.44181
7.23507
9.58434
8.08935
7.14354
8.01307
7.35711
9.98097
12.0099
10.164
5.8011
8.47072
10.2556
6.91472
6.94523
5.12988
7.79951
6.39605
6.86895
8.82159
5.78585
5.99942
9.78265
8.44021
7.67747
7.72323
10.0115
6.39605
9.84367
7.52492
6.38079
5.23667
8.16562
7.72323
6.79268
7.3266
8.59276
7.50966
9.23347
6.60962
11.7353
6.80793
7.60119
7.34186
10.1488
6.09095
5.60279
10.164
5.0231
6.51809
6.1062
5.67906
11.2319
10.2098
5.03835
7.40288
9.69112
7.81476
6.82319
9.64536
5.00784
6.83844
9.9352
8.57751
6.04518
7.21982
6.86895
7.38762
6.7164
7.06727
5.23667
5.81636
10.2708
5.26718
7.35711
6.48758
7.43339
7.17405
7.73849
7.1588
8.01307
8.27241
7.35711
9.17245
6.94523
7.06727
7.37237
6.53334
6.91472
8.30292
7.57068
7.61645
5.83161
8.57751
8.15037
9.98097
9.11143
5.74008
6.82319
7.44864
11.0183
6.50283
8.66904
9.6301
6.33503
11.2166
8.62327
7.72323
8.33343
11.6132
7.57068
11.3539
6.2435
5.99942
7.58594
5.22141
8.4097
7.60119
5.98416
7.69272
6.15197
9.58434
5.31294
6.38079
8.8521
5.22141
8.73006
8.91312
9.23347
6.8537
9.67587
11.8573
9.95046
11.9794
7.769
8.73006
5.72483
7.769
6.2435
5.66381
7.78425
9.44704
7.98256
7.09778
8.82159
10.1183
7.9368
9.0199
8.92837
10.4081
8.68429
8.8521
12.6811
12.254
7.66221
7.79951
7.66221
8.60802
7.37237
10.881
11.9489
7.41813
9.88944
5.86212
5.90789
6.77742
5.496
6.82319
5.46549
6.06044
6.65538
6.7164
5.86212
6.36554
7.37237
6.76217
7.43339
6.16722
5.496
6.30452
8.74531
7.69272
7.79951
8.13511
6.25875
11.2166
7.21982
11.7963
10.6674
9.325
7.1588
8.36394
5.67906
12.4065
6.74691
5.99942
6.4113
7.86053
7.90629
6.1062
6.67064
5.64855
6.2435
7.95205
6.74691
7.25033
7.25033
7.38762
6.27401
7.69272
8.31817
8.21139
7.03676
5.08412
7.14354
6.77742
8.45547
7.86053
6.88421
6.62487
9.78265
8.73006
11.2319
7.84527
8.82159
8.53174
7.55543
5.6333
7.17405
6.88421
9.20296
5.05361
6.57911
6.5486
7.9368
7.08252
5.70957
5.6333
8.4097
8.15037
6.18248
6.36554
9.37077
9.4623
10.103
6.36554
8.15037
8.94363
7.20456
9.20296
7.05201
6.76217
6.44181
6.50283
5.87738
8.1046
9.44704
8.547
7.08252
5.08412
6.56385
10.4539
5.06886
9.20296
10.5149
5.22141
7.23507
5.48075
6.68589
8.59276
6.45707
6.4113
8.88261
7.4639
8.04358
6.76217
8.73006
5.38922
5.72483
5.35871
7.28084
6.36554
6.96048
5.23667
5.26718
5.22141
7.38762
9.81316
7.9368
7.00625
5.38922
6.60962
6.4113
11.0336
5.45024
6.28926
6.77742
7.69272
8.15037
6.21299
6.79268
6.89946
6.99099
6.06044
6.7164
5.86212
8.92837
5.99942
6.36554
9.64536
5.58753
7.54017
8.59276
6.28926
8.34868
6.25875
5.98416
5.48075
8.82159
5.31294
7.00625
6.25875
5.84687
5.06886
6.01467
7.61645
7.52492
6.62487
12.8336
11.1556
6.35028
9.64536
8.4097
13.0015
8.2419
8.04358
6.64013
6.22824
10.6674
5.81636
7.90629
8.4097
5.48075
5.61804
5.95365
8.34868
6.99099
9.37077
5.41973
8.22664
8.42496
7.28084
8.02833
6.39605
7.61645
5.46549
7.83002
9.03516
7.90629
7.79951
6.76217
7.99782
5.12988
7.11303
7.89104
6.18248
6.09095
5.72483
7.37237
5.72483
8.02833
5.92314
5.98416
7.35711
5.38922
8.33343
5.66381
9.12669
8.56225
7.00625
7.08252
6.73166
6.73166
5.1909
9.1572
6.21299
5.74008
6.39605
6.74691
5.03835
8.83684
6.88421
8.42496
7.23507
11.1861
6.79268
8.01307
5.00784
5.43498
5.3282
7.20456
9.52332
5.45024
8.11986
7.1588
7.67747
6.25875
5.41973
5.75534
6.09095
5.41973
5.89263
5.00784
7.31135
6.2435
8.37919
7.90629
5.98416
5.90789
7.67747
7.54017
5.8011
8.18088
6.57911
5.05361
6.18248
7.50966
6.28926
6.2435
5.05361
5.3282
8.39445
7.90629
5.16039
8.1046
7.06727
5.25192
5.83161
7.70798
6.60962
5.90789
5.8011
5.05361
7.00625
6.13671
7.41813
6.99099
12.0251
6.51809
9.7674
7.28084
7.40288
9.99622
5.64855
8.91312
8.51649
5.89263
5.26718
6.68589
10.6522
8.86735
6.01467
8.21139
5.83161
6.86895
6.15197
6.30452
5.1909
5.77059
5.1909
6.64013
5.61804
6.91472
7.98256
5.12988
5.34345
8.57751
5.35871
7.66221
8.19613
7.57068
7.44864
10.2708
5.34345
5.90789
7.769
5.8011
7.47915
7.1588
6.80793
7.08252
7.98256
5.45024
9.61485
6.67064
5.6333
7.09778
7.72323
7.08252
6.97574
8.25715
5.48075
5.23667
7.64696
9.6301
5.86212
5.03835
6.89946
6.30452
6.22824
5.22141
8.4097
7.769
8.66904
6.38079
7.09778
8.56225
5.35871
8.16562
6.97574
7.18931
7.12829
5.0231
6.01467
6.15197
6.92997
8.83684
6.53334
5.99942
7.6317
7.14354
5.55702
5.67906
7.20456
5.6333
5.14514
5.31294
5.6333
7.3266
5.25192
5.6333
5.57228
6.19773
11.5065
6.27401
8.51649
6.18248
5.22141
6.92997
5.37396
7.25033
5.74008
5.99942
6.36554
5.0231
8.92837
7.35711
5.74008
6.82319
6.94523
7.95205
9.17245
8.1046
5.64855
9.30975
6.02993
7.05201
7.64696
5.8011
6.67064
5.03835
6.1062
6.74691
6.01467
6.68589
5.22141
6.99099
5.92314
5.90789
6.13671
5.83161
5.99942
6.4113
6.06044
6.33503
7.40288
5.66381
6.56385
7.83002
5.55702
6.18248
7.34186
5.23667
7.12829
7.55543
5.12988
6.64013
7.35711
7.6317
9.4623
5.70957
5.84687
7.64696
5.38922
5.83161
8.15037
6.25875
9.64536
8.59276
5.00784
5.83161
5.57228
6.51809
5.496
5.16039
5.46549
5.89263
5.45024
6.16722
6.33503
7.73849
7.44864
7.92155
10.6369
7.87578
6.12146
7.66221
6.4113
9.96571
5.51126
7.34186
7.86053
6.7164
5.9384
7.08252
6.59436
6.4113
6.35028
8.01307
7.09778
5.75534
7.20456
6.07569
5.3282
6.22824
6.50283
12.0556
8.76057
5.51126
5.60279
5.496
7.31135
6.89946
6.57911
8.28766
8.83684
6.19773
7.35711
5.34345
6.18248
5.26718
7.98256
5.00784
7.1588
5.74008
5.11463
5.60279
5.77059
6.86895
5.99942
5.70957
5.81636
7.50966
5.14514
7.70798
6.30452
5.496
5.17565
7.99782
9.52332
8.57751
5.03835
6.73166
8.91312
7.3266
7.12829
5.51126
5.96891
6.16722
7.60119
6.68589
6.25875
5.1909
5.34345
7.03676
6.42656
6.38079
5.09937
8.04358
5.66381
5.38922
6.4113
7.03676
8.63853
6.22824
6.12146
8.89786
5.38922
5.75534
5.26718
5.0231
8.02833
5.86212
5.81636
8.45547
6.33503
5.60279
6.30452
5.38922
5.70957
6.62487
8.63853
7.31135
6.48758
6.04518
7.0215
5.09937
6.96048
6.70115
5.84687
8.16562
11.0793
6.45707
6.19773
6.92997
6.5486
7.86053
6.57911
8.66904
5.43498
9.23347
7.98256
6.22824
6.18248
6.70115
7.95205
6.83844
5.46549
7.96731
6.21299
5.89263
8.56225
5.57228
7.86053
6.35028
9.35551
10.042
5.9384
6.8537
5.35871
6.50283
10.5149
6.22824
6.27401
5.25192
5.60279
9.37077
7.98256
9.64536
7.08252
5.8011
5.26718
7.00625
5.54177
9.4623
5.22141
10.5301
6.97574
6.45707
5.28243
5.41973
6.27401
5.89263
6.73166
6.67064
7.84527
5.77059
10.0878
6.30452
5.06886
5.43498
6.92997
5.58753
5.6333
6.53334
5.84687
6.33503
6.07569
5.37396
5.96891
8.39445
5.87738
5.6333
6.01467
8.48598
7.37237
5.08412
7.28084
5.08412
5.35871
5.9384
5.74008
8.547
5.1909
6.39605
7.54017
6.67064
5.61804
5.46549
5.95365
7.54017
5.48075
5.9384
6.86895
7.20456
7.54017
5.28243
5.84687
5.43498
6.64013
5.06886
6.5486
5.38922
5.35871
5.95365
6.45707
6.15197
6.21299
6.45707
8.33343
5.1909
5.89263
6.31977
6.2435
8.91312
5.83161
6.82319
5.81636
8.45547
6.35028
6.42656
6.82319
6.15197
9.40128
5.31294
6.64013
5.99942
13.6422
9.21822
10.3166
5.29769
6.7164
5.67906
5.87738
7.58594
6.86895
6.16722
6.2435
6.5486
5.0231
5.06886
5.52651
6.31977
5.81636
5.74008
6.1062
5.81636
6.76217
6.4113
5.28243
6.7164
6.30452
10.3013
7.20456
5.29769
6.89946
6.51809
7.17405
7.05201
6.38079
5.78585
9.61485
5.9384
6.4113
5.43498
5.17565
8.27241
6.45707
5.57228
5.1909
6.02993
6.39605
8.66904
11.9183
5.26718
8.36394
6.57911
5.26718
5.64855
6.15197
5.57228
6.12146
6.92997
7.40288
7.9368
5.14514
6.53334
5.75534
5.3282
6.88421
5.43498
5.16039
6.1062
6.53334
7.37237
5.23667
5.70957
6.25875
5.00784
5.496
5.87738
6.83844
5.45024
9.82842
5.05361
5.28243
5.34345
6.42656
5.72483
5.29769
5.81636
6.8537
6.16722
6.65538
7.83002
5.84687
6.02993
5.496
5.98416
5.70957
7.43339
6.38079
5.05361
5.67906
5.23667
5.17565
7.09778
6.48758
6.25875
7.26558
5.52651
5.23667
5.31294
5.29769
5.00784
6.30452
6.42656
6.70115
5.84687
6.07569
5.52651
6.97574
5.81636
7.06727
8.63853
6.5486
5.22141
5.17565
7.92155
6.33503
8.82159
5.09937
5.48075
10.759
6.91472
6.42656
5.78585
6.5486
6.94523
6.45707
5.05361
7.35711
6.86895
5.17565
6.47232
6.80793
7.06727
5.86212
6.25875
5.54177
5.38922
5.98416
5.05361
8.95888
7.34186
7.0215
7.95205
5.84687
8.34868
5.98416
6.19773
5.29769
7.21982
6.5486
7.70798
5.75534
5.37396
5.34345
5.70957
6.15197
6.80793
7.14354
6.12146
5.84687
5.99942
5.83161
5.05361
10.4996
5.31294
10.7285
6.45707
9.35551
5.3282
5.23667
8.77582
5.81636
5.496
5.60279
5.66381
6.33503
5.67906
5.98416
5.09937
7.89104
5.23667
5.70957
5.1909
6.50283
7.09778
5.1909
6.2435
6.86895
5.35871
8.45547
6.7164
8.97414
6.04518
5.34345
5.34345
5.77059
5.98416
6.80793
5.37396
5.25192
5.09937
6.57911
6.88421
7.06727
8.47072
5.43498
5.22141
6.7164
5.64855
5.57228
5.70957
7.3266
5.25192
8.16562
5.95365
5.37396
6.47232
7.75374
5.61804
8.01307
5.00784
6.04518
5.29769
5.35871
6.5486
5.96891
6.27401
6.31977
8.01307
6.36554
5.78585
5.43498
5.09937
5.70957
5.64855
6.38079
5.31294
5.57228
5.06886
5.89263
6.53334
5.26718
5.09937
6.86895
7.25033
8.21139
5.28243
5.41973
6.77742
5.05361
6.47232
5.35871
8.34868
8.51649
5.09937
7.34186
6.13671
6.35028
10.82
5.69432
5.43498
5.29769
6.15197
5.17565
8.28766
5.48075
6.51809
6.22824
7.31135
6.44181
7.52492
5.98416
8.62327
