# 21 delz bins -0.15 to 0.15, 7 R bins 0.0 to 1.0
1.566308289766311646e-01 2.572897374629974365e-01 1.743121296167373657e-01 1.162388175725936890e-01 1.169751808047294617e-01 1.155966743826866150e-01 8.302835375070571899e-02
2.334982901811599731e-01 2.498859316110610962e-01 1.985254436731338501e-01 1.641822755336761475e-01 1.356809437274932861e-01 1.178444698452949524e-01 9.427148103713989258e-02
3.673445880413055420e-01 2.833125293254852295e-01 2.181172370910644531e-01 1.916820257902145386e-01 1.615918427705764771e-01 1.450616866350173950e-01 9.625494480133056641e-02
3.968534767627716064e-01 3.424555957317352295e-01 2.903661131858825684e-01 2.424712926149368286e-01 1.971689760684967041e-01 1.726499199867248535e-01 1.232562512159347534e-01
5.294758677482604980e-01 4.868723750114440918e-01 3.961077928543090820e-01 3.313381075859069824e-01 2.593823969364166260e-01 2.164283692836761475e-01 1.658082902431488037e-01
7.011181116104125977e-01 6.386792063713073730e-01 5.150989294052124023e-01 4.506319165229797363e-01 3.794988989830017090e-01 3.213769197463989258e-01 2.330272495746612549e-01
7.547153234481811523e-01 7.125878334045410156e-01 6.174710392951965332e-01 5.428977012634277344e-01 4.764301180839538574e-01 4.123505651950836182e-01 2.993865013122558594e-01
8.281110525131225586e-01 7.619592547416687012e-01 6.784408688545227051e-01 6.042699813842773438e-01 5.339676737785339355e-01 4.700378775596618652e-01 3.478974103927612305e-01
7.657828330993652344e-01 7.125349640846252441e-01 6.230189800262451172e-01 5.570645928382873535e-01 4.880991876125335693e-01 4.257293641567230225e-01 3.091288506984710693e-01
6.843939423561096191e-01 6.322685480117797852e-01 5.287926197052001953e-01 4.609757661819458008e-01 3.958688378334045410e-01 3.429498672485351562e-01 2.452315837144851685e-01
6.038312911987304688e-01 5.116048455238342285e-01 4.085694551467895508e-01 3.472082912921905518e-01 2.994102239608764648e-01 2.568642199039459229e-01 1.886191070079803467e-01
4.800302088260650635e-01 4.148034453392028809e-01 3.368998169898986816e-01 2.762179672718048096e-01 2.360397577285766602e-01 1.967021077871322632e-01 1.491824537515640259e-01
4.407765865325927734e-01 3.398706018924713135e-01 2.759478688240051270e-01 2.339373826980590820e-01 2.028680443763732910e-01 1.780213713645935059e-01 1.356904804706573486e-01
3.747626543045043945e-01 3.014920055866241455e-01 2.417388260364532471e-01 1.893041133880615234e-01 1.801269501447677612e-01 1.474070996046066284e-01 1.066970378160476685e-01
2.799546420574188232e-01 2.500440776348114014e-01 1.921379864215850830e-01 1.762851476669311523e-01 1.348655521869659424e-01 1.254663914442062378e-01 9.236950427293777466e-02
