2.607179999999999836e+03
9.879130000000000109e+02
2.589010000000000105e+02
1.547570000000000050e+02
9.491752391590375737e+01
6.557973043963032467e+01
4.362120270833822389e+01
2.766823841582456467e+01
1.603081280566516398e+01
8.190253101623227394e+00
4.472698003028913405e+00
2.806069243761191156e+00
1.881455955078243258e+00
1.331606215503287505e+00
9.780483869178248080e-01
1.350408680422201826e+02
9.736000754874979179e+01
6.668876079997031070e+01
4.403468403660887986e+01
2.698662309311103868e+01
1.440167932853615085e+01
7.625213487679618929e+00
4.262654026847722655e+00
2.657096920918129879e+00
1.778490341805557318e+00
1.267642855851137007e+00
1.794656671632563416e+02
1.322893453274255080e+02
9.376603631216563883e+01
6.360089437783052091e+01
4.044636536349604228e+01
2.271980507563218055e+01
1.199619999835070416e+01
6.516209132381314717e+00
3.877292190267091598e+00
2.363679516369232569e+00
1.705820396561724017e+00
2.328696056316755687e+02
1.801661935496422871e+02
1.330375515367875323e+02
9.513638795841134765e+01
6.284421954597517868e+01
3.647751055346053306e+01
1.966421722932938110e+01
1.044192956986866427e+01
5.795226314359977593e+00
3.382079323684318961e+00
2.185841744396457731e+00
