1.117136964414374347e+02
8.289807423857328672e+01
5.937223039219699672e+01
4.060049885739910280e+01
2.519376084541037031e+01
1.351755305093799464e+01
7.284159861275233183e+00
4.082466645043184350e+00
2.532486777760308616e+00
1.720002641539505328e+00
1.210462658460816465e+00
1.441833640355306443e+02
1.086545905233937646e+02
7.810759646646319254e+01
5.452072702571298635e+01
3.517183234930048741e+01
1.942996222506985760e+01
1.008018260995151394e+01
5.589229522659047156e+00
3.427167766715829789e+00
2.145150722235168228e+00
1.539879242991028629e+00
1.779126798297751293e+02
1.344082031150912826e+02
1.009533483078992901e+02
7.167434108776950552e+01
4.691978258061931939e+01
2.699586089337268646e+01
1.442167839683394526e+01
7.575007396768154599e+00
4.364655410437849881e+00
2.671664201158244101e+00
1.862384632232740644e+00
2.124617706664876380e+02
1.707708508565918635e+02
1.329962489986940568e+02
1.006137231383426354e+02
6.959442027540981712e+01
4.115444143897017426e+01
2.227727090751590922e+01
1.182609842566696123e+01
6.439911976795202442e+00
3.671605193070629269e+00
2.315978801117111630e+00
