1.050586290667343263e+02
7.710104050640973128e+01
5.490380653186084459e+01
3.708022489530160470e+01
2.267536006883516819e+01
1.211038631323413028e+01
6.602153110827728710e+00
3.765042958832112596e+00
2.385090247742142733e+00
1.627492053649894244e+00
1.156112827828470691e+00
1.403617932042832877e+02
1.060723407228596784e+02
7.638054942316051665e+01
5.325588001200497956e+01
3.426715466912992980e+01
1.888625179382852792e+01
9.831692075672455289e+00
5.435880401953155250e+00
3.312105649882918890e+00
2.099836608286036910e+00
1.503799508515786032e+00
1.784467317760870628e+02
1.355559759044496673e+02
1.017033214002057804e+02
7.284938279295994334e+01
4.808892662557982334e+01
2.758236977542996016e+01
1.460143643853107598e+01
7.688099456773247020e+00
4.432819998343080492e+00
2.691223953412502201e+00
1.887107963627163043e+00
2.197857776332086246e+02
1.774138082450342324e+02
1.393569238034049818e+02
1.055043035688073729e+02
7.290525546450047045e+01
4.341730156484603498e+01
2.373272810485553208e+01
1.250060745536779017e+01
6.761382329380785983e+00
3.827202514552983992e+00
2.369639858186096681e+00
