1.098934946331548019e+02
8.127121832351588182e+01
5.826155090270208348e+01
3.982084292052386587e+01
2.458065158174226639e+01
1.319217507109483201e+01
7.156664954255500533e+00
4.016961412720495339e+00
2.501155331023706907e+00
1.701445929688835124e+00
1.210219959381309218e+00
1.455916288747107785e+02
1.096275072498982013e+02
7.890999813044375344e+01
5.504730916019503439e+01
3.553475441458364514e+01
1.956031974854115418e+01
1.022609946951103943e+01
5.661017000841050084e+00
3.461470638908012987e+00
2.149535557723386781e+00
1.527469037011555120e+00
1.754249807260431737e+02
1.355885650793288733e+02
1.023605089284956762e+02
7.501687216182328655e+01
5.052447747814113654e+01
2.931303866099657185e+01
1.555869892473162608e+01
8.133336185699340248e+00
4.641033197102350627e+00
2.800478641748553432e+00
1.963803047175940231e+00
2.291648495143449509e+02
1.850423283302308732e+02
1.452495373744565370e+02
1.086887181170433507e+02
7.454046873417043173e+01
4.450497471527977211e+01
2.429309519237319037e+01
1.296638488801105282e+01
7.063118851460232328e+00
4.053790002337772869e+00
2.453032439556818822e+00
