1.113972973217065316e+02
8.238792491999188883e+01
5.927586905197494360e+01
4.055378797813843050e+01
2.516446281818890540e+01
1.355481110875184747e+01
7.355896363449140551e+00
4.123551320481900540e+00
2.555934462223213188e+00
1.713698368019986207e+00
1.224582711602139717e+00
1.435060486667807993e+02
1.084448985644571337e+02
7.802250614003860107e+01
5.448977161915508560e+01
3.510004972915958632e+01
1.925356268430640228e+01
1.003333439808370642e+01
5.584652797700891291e+00
3.419586692185829335e+00
2.131455391790968434e+00
1.525261698642548014e+00
1.756139755770749105e+02
1.333766463800436668e+02
9.915431446559411199e+01
7.077503792084972645e+01
4.687273946909358102e+01
2.742385346388664402e+01
1.469080745048743353e+01
7.805507454095895525e+00
4.556771495153700613e+00
2.748176051410502918e+00
1.863654154618074266e+00
2.135280539495836933e+02
1.712821848705424372e+02
1.339545660923499213e+02
1.010635883657852219e+02
6.966106544214170526e+01
4.082594633922700922e+01
2.208165871162682237e+01
1.157364305032273499e+01
6.237036050479527027e+00
3.601632326416597696e+00
2.309580464970445668e+00
