2.919289999999999964e+03
1.148829999999999927e+03
2.893980000000000246e+02
1.648139999999999930e+02
8.314166646524766691e+01
5.719105312685526599e+01
3.759344721484416141e+01
2.331805309157508077e+01
1.285724045049356334e+01
6.629550021009041672e+00
3.825910805430221551e+00
2.528832174214172390e+00
1.782369644718641233e+00
1.296033503835549494e+00
9.534225466774446378e-01
1.178112614330406132e+02
8.369865080758627585e+01
5.701001027322399040e+01
3.702627509406536888e+01
2.161153749998680951e+01
1.149424917769504439e+01
6.343315165006618628e+00
3.811084625785072344e+00
2.486319388506295081e+00
1.756952562793683947e+00
1.273169423467823469e+00
1.604550917971573369e+02
1.175391264317186142e+02
8.232688750241511855e+01
5.515230131815017955e+01
3.403216379179349360e+01
1.854726992673679931e+01
9.798387480412575457e+00
5.659181683149477671e+00
3.529483706437295698e+00
2.286886852128428238e+00
1.549272143034892801e+00
2.102222133341521726e+02
1.597193706858891176e+02
1.177201931549663669e+02
8.278665917518468120e+01
5.334959560189740557e+01
3.071280704804109973e+01
1.682926755812844988e+01
9.346095868278219143e+00
5.341045720916549833e+00
3.309372967220302275e+00
2.201593330570340790e+00
