3.465969999999999800e+03
1.340900000000000091e+03
3.422819999999999823e+02
1.914180000000000064e+02
7.777847105243488102e+01
5.310493900797115430e+01
3.444025384067543882e+01
2.100498293145532358e+01
1.109085222017936623e+01
5.687821576903965060e+00
3.436806048704402983e+00
2.359911847017844622e+00
1.712435885898462962e+00
1.269270618907317072e+00
9.272179043030488454e-01
1.105813115934714546e+02
7.771317767933450682e+01
5.241058637302462131e+01
3.355772359853629183e+01
1.914275732331068625e+01
1.021003829446525302e+01
5.787766171742943833e+00
3.655702886349794678e+00
2.487413659047502890e+00
1.765797789588755773e+00
1.248851962663894311e+00
1.495715111043990930e+02
1.083278577418040811e+02
7.583496339997107327e+01
5.016884687209680038e+01
3.016433086201908864e+01
1.629047961871162897e+01
8.837629597316693619e+00
5.303384301141907287e+00
3.374329098575503671e+00
2.311699868896877952e+00
1.617423435082424810e+00
2.059798926481918500e+02
1.553730151360492187e+02
1.122578634326627167e+02
7.695147412939910225e+01
4.877983392315407940e+01
2.752106738247794837e+01
1.510252612688562301e+01
8.612818106240817784e+00
5.079654116759227733e+00
3.226022865575544518e+00
2.141048055738272282e+00
