2.607179999999999836e+03
9.879130000000000109e+02
2.589010000000000105e+02
1.547570000000000050e+02
8.839007924574418951e+01
6.077448250410891717e+01
4.025260312848696032e+01
2.530341483038439776e+01
1.438168090264971788e+01
7.458142903975089943e+00
4.186320492062286291e+00
2.663564399065686317e+00
1.806036544080412032e+00
1.289253685402554472e+00
9.488080202775388550e-01
1.268522198218679762e+02
9.070772657860916866e+01
6.196149059654293723e+01
4.065952372251743441e+01
2.441326348414845526e+01
1.307785715823129102e+01
7.017605038232962222e+00
4.007557860414793893e+00
2.533008739845936663e+00
1.716455256078221803e+00
1.226403656454718716e+00
1.692539854049276187e+02
1.240764342047240518e+02
8.752749097566959335e+01
5.906577552500648665e+01
3.693211601808744859e+01
2.063335786360849866e+01
1.099806713323535945e+01
6.096607808619671331e+00
3.649369529218061903e+00
2.286760066596171814e+00
1.640580373404790349e+00
2.217581817572116165e+02
1.702322841307213537e+02
1.254209556980857343e+02
8.893186959395215752e+01
5.769466098652490160e+01
3.325609724148957014e+01
1.798911747114969018e+01
9.676419018879958145e+00
5.433624073953615685e+00
3.230565950173061918e+00
2.095498436996654057e+00
